Query_ID	Target_ID	Optimal_offset	p-value	E-value	q-value	Overlap	Query_consensus	Target_consensus	Orientation
6125_7662_7.6562_4.9375	MA0068.1	-67	1.83642e-09	1.85662e-06	3.71324e-06	30	GGGGGGGCGAGTGAGTGCCAGTCACAAAAAAAGATATTTAATTTTTTATTTTATTGAAGGCCCCCGGGGGGGGACCTTCCAATTTTGGTAAATTTTTGGGGGGCCCCGGGGCGCGGCCGCCGCGCGCCGCCGCCGCCGGCGGCG	GGGGGGGGAGTGGAGTATTGGAAATTTTTC	-

# Tomtom (Motif Comparison Tool): Version 5.1.0 compiled on Oct  9 2020 at 08:11:46
# The format of this file is described at http://meme-suite.org//doc/tomtom-output-format.html.
# tomtom -no-ssc -o result/x6125/x6125.out result/x6125/x6125.meme ../../JASPAR2020.txt
