Query_ID	Target_ID	Optimal_offset	p-value	E-value	q-value	Overlap	Query_consensus	Target_consensus	Orientation
4739_4940_10.7228_3.3596	MA0068.1	-14	5.37017e-08	5.42924e-05	0.000100709	30	CGCTCGTTTCCACAATGCCAGGAAATTACTAATGCTCATTAGTGACTGCTAATCATGGTGACTAACCACTAAACCGATCAGTGATTACTCATGGAGTCTCCCCGGAGAACTCACCGATTACTCATCGATGAGTCATCGGTGAGTAATCACCATTCGGATCATG	GGGGGGGGAGTGGAGTATTGGAAATTTTTC	-

# Tomtom (Motif Comparison Tool): Version 5.1.0 compiled on Oct  9 2020 at 08:11:46
# The format of this file is described at http://meme-suite.org//doc/tomtom-output-format.html.
# tomtom -no-ssc -thresh 0.01 -o result/x04115/x04115.out result/x04115/x04115.meme ../../../JASPAR2020.txt
